182
200
215
223
340
443
460
483
484
543
557
572
596
810
1073
1152
1238
1354
1386
1567
1629
1737
1942
2030
2076
2254
2292
2301
2424
2536
2537
2628
2653
2734
2760
2803
2821
2891
2954
3084
3111
3262
3283
3300
3352
3444
3489
3496
3654
3707
3754
3892
3986
4052
4066
4085
4097
4109
4118
4148
4154
4172
4214
4220
4248
4345
4361
4450
4492
4557
4564
4632
4708
4804
5048
5117
5206
5228
5291
5396
5411
5452
5459
5497
5640
5664
5673
5704
5770
5824
5872
5960
6166
6229
6246
6320
6338
6352
6429
6431
6525
6541
6602
6680
6843
6911
6933
7021
7022
7074
7243
7372
7465
7594
7633
7673
7746
7750
7762
7857
7859
7936
7968
8029
8032
8049
8203
8224
8224
8238
8365
8497
8751
8771
8808
8809
8823
8883
8916
8948
9026
9095
9182
9192
9287
9291
9293
9309
9319
9585
9656
9670
9705
9759
9786
10114
10127
10131
10213
10278
10278
10341
10358
10387
10480
10529
10541
10627
10658
10660
10734
10734
10839
10859
11037
11066
11094
11153
11193
11206
11241
11250
11305
11549
11698
11813
11964
12040
12091
12117
12171
12192
12222
12235
12344
12375
12385
12453
12453
12690
12701
12782
12876
12921
12974
13011
13018
13081
13128
13145
13156
13173
13270
13292
13322
13383
13448
13502
13545
13619
13725
13738
13831
13923
13947
13953
13957
14263
14370
14399
14439
14462
14539
14598
14631
14738
14757
14822
14827
14858
14873
14881
14971
15042
15239
15351
15572
15735
15811
15825
15830
15842
16129
16236
16257
16312
16363
16437
16515
16889
16913
16942
17271
17377
17487
17508
17563
17568
17617
17618
17693
17702
17742
17888
17931
17953
18048
18142
18210
18226
18294
18334
18341
18386
18393
18397
18475
18653
18742
18800
18864
18918
18920
18942
18948
18949
19012
19018
19033
19095
19184
19300
19397
19549
19586
19764
19878
19897
19914
19953
19962
20000
20123
20200
20261
20291
20292
20346
20475
20480
20491
20552
20598
20602
20639
20641
20718
20929
21010
21065
21084
21132
21136
21150
21370
21506
21697
21724
21809
21817
22021
22053
22089
22225
22375
22509
22575
22600
22691
22713
22765
22778
22819
22873
22969
23039
23120
23128
23164
23219
23231
23335
23581
23587
23621
23690
23707
23715
23953
24063
24066
24116
24118
24182
24214
24222
24421
24514
24514
24601
25112
25171
25200
25330
25467
25484
25488
25561
25590
25602
25693
25856
25939
25945
25946
26108
26160
26180
26267
26333
26469
26516
26528
26663
26765
26836
26874
26936
27063
27221
27239
27244
27392
27393
27465
27548
27597
27608
27665
27675
27688
27747
27828
28013
28087
28109
28117
28137
28184
28242
28281
28318
28345
28455
28511
28541
28631
28798
28833
29051
29077
29202
29322
29514
29533
29693
29707
29754
29778
29807
29813
29840
29848
29940
29971
30044
30083
30237
30251
30372
30389
30521
30729
30894
31006
31006
31031
31148
31180
31194
31233
31235
31293
31307
31453
31513
31619
31642
31665
31682
31877
31888
31940
31970
32181
32220
32284
32381
32396
32423
32426
32463
32518
32551
32556
32558
32573
32607
32676
32694
