16942
8238
27597
13831
13018
11549
2734
200
4345
27221
14827
16257
21136
10627
32463
28318
31665
29322
2301
17888
8029
13011
2821
12876
28117
4066
27063
5872
9319
13725
30521
3489
3986
32284
483
9705
5640
9182
6166
7372
23621
1629
3283
5704
340
26936
4214
20491
9287
2653
13292
543
5459
17487
24116
23953
7936
5960
14598
29971
24514
26874
13173
26836
4557
31642
27828
24063
12192
32518
6911
4148
27393
14971
10114
8224
19586
15351
10839
28109
2954
14263
9293
23120
24066
557
31031
18334
30083
6229
6680
29848
21065
23587
17953
28833
6352
7594
20598
19095
14539
18226
32220
10859
4154
1073
21132
12117
13145
25200
31970
8808
9759
28137
31619
10131
18210
16437
13448
32551
31453
30729
19878
30389
13923
26180
9026
4109
27244
7021
20123
25946
20641
12222
8809
14757
8751
6602
15825
4052
18948
7074
23231
2891
7633
9670
10278
9095
17702
4450
30237
6246
7750
20261
13545
19549
6541
8049
26108
12040
32423
22765
22819
18800
596
1354
26333
30044
9291
2537
29693
13128
2076
8497
29840
17377
18294
20291
32607
32558
24514
3084
17693
18393
15735
4804
20000
25112
13953
5228
26516
17508
19764
18142
22225
30894
13156
13383
27665
7857
7762
20292
6431
25488
10358
10480
23707
8203
20346
10734
29051
7968
6429
6525
9192
3496
22089
29754
18341
26267
31148
12701
2254
22021
3754
22873
12375
29533
32694
11305
24214
8224
22509
11193
14858
5770
31877
15572
11698
12091
10387
27608
31233
10127
25171
4564
13081
27675
12782
14439
18653
17931
14631
223
572
29707
16889
29807
30251
24182
14399
3262
24601
20200
1737
20552
20602
16312
7022
5117
27392
11250
18475
21697
4118
15830
460
6338
2760
5411
31293
23164
15842
28798
8883
25484
14370
4632
16236
5452
22778
19033
25856
7859
20639
16515
11964
2628
13947
32426
215
21817
28541
18918
29077
2803
12921
18048
23039
10660
28455
2536
5824
25693
19962
10341
21809
11206
31940
21084
27548
10541
1942
14881
3352
27239
21150
11813
23715
8948
25590
31194
4492
17618
25561
1238
12690
3300
31235
6843
17568
10734
31006
18386
29778
3707
31682
18864
5048
28087
26160
5291
7746
11153
810
3654
16129
443
17563
18397
20480
22375
32181
15042
22575
8771
8032
12235
24421
11066
8916
14462
31513
25939
27688
32396
23335
9309
3444
22691
3111
10529
182
19018
3892
18949
19300
25330
18742
12385
31888
6320
4248
13619
19397
13322
21370
13502
29202
20929
12453
21506
9585
26469
23219
22713
11094
19184
1152
18942
1567
4361
11241
28511
27747
5497
31006
28013
23128
25602
7673
4097
21724
28345
22969
8823
22053
20475
12974
23581
9656
29813
31180
27465
19897
23690
5664
15239
14738
28242
29514
20718
4085
19914
24118
21010
31307
10658
32676
6933
15811
2030
22600
10213
32381
28631
14873
5673
2424
17271
26663
4220
4172
10278
32573
14822
18920
28281
5396
7243
12453
28184
13270
484
16363
13738
26765
19012
32556
25467
16913
4708
13957
12344
2292
8365
26528
29940
5206
17742
24222
1386
17617
7465
11037
19953
12171
9786
25945
30372
